 -0.113202679E+01
  0.944423556E+00
  0.407112569E+00
  0.110901790E-01
 -0.341420650E+00
  0.709386691E-01
 -0.371459901E+00
  0.999589637E-01
  0.152103916E+00
  0.209612474E-01
 -0.996109471E-01
  0.184887856E+00
 -0.119877137E+00
  0.143250197E+00
  0.245387062E+00
 -0.655720174E+00
  0.319661885E+00
 -0.538388565E-01
  0.171355397E+00
 -0.149451479E+00
  0.152274475E+00
 -0.597884178E+00
  0.264668643E+00
  0.387557268E+00
  0.200128213E+00
  0.468285292E+00
 -0.384276569E+00
 -0.384206831E+00
  0.221644923E+00
  0.187416956E+00
  0.492737204E+00
 -0.140087128E+01
  0.136960280E+01
 -0.102348220E+01
  0.537694752E+00
  0.394186825E+00
  0.108431309E+00
  0.158366770E+00
